122222212222212222122212212212212221222212222212222221
12222212222122212212              21221222122221222221
12222122212212                          21221222122221
122212212                                    212212221
12212                                            21221
12                                                  21
12212                                            21221
122212212                                    212212221
12222122212212                          21221222122221
12222212222122212212              21221222122221222221
122222212222212222122212212212212221222212222212222221